23
  0.000000000000000e+00
  6.131360053260153e-04
 -1.195270569608195e-03
 -5.797432080036706e-03
  8.472238125410085e-03
  1.557399807459425e-02
 -2.941667552073495e-02
 -2.713119817241517e-02
  8.162794944595671e-02
  3.643861440776295e-02
 -3.094038598581477e-01
  4.600000000000000e-01
 -3.094038598581477e-01
  3.643861440776295e-02
  8.162794944595671e-02
 -2.713119817241517e-02
 -2.941667552073495e-02
  1.557399807459425e-02
  8.472238125410085e-03
 -5.797432080036706e-03
 -1.195270569608195e-03
  6.131360053260153e-04
  0.000000000000000e+00
