100
    0.02326871634609
    0.41137339096828
    0.71955777441665
    0.90029613577913
    0.98540354317903
    1.01001101850624
    0.98834062932981
    0.79204569356609
    0.68712520924888
    0.30238880360972
    0.05714370846196
   -0.30025149229885
   -0.71097438764508
   -0.92704927640549
   -1.17960644929694
   -0.83174593004201
   -0.98543987925814
   -0.78156678885333
   -0.66353280732677
   -0.28660574107509
    0.04701292364967
    0.36575635732226
    0.52863905987927
    0.93290296204650
    0.99171146764911
    0.93296957833907
    0.91319298817895
    0.66203115078247
    0.53464974180839
    0.39424463739422
   -0.13032425729689
   -0.32889966052938
   -0.49549843740482
   -0.84652052544178
   -1.07782382702827
   -0.99091965756702
   -0.89371001092228
   -0.69809781529922
   -0.54497378373222
   -0.49149888672467
    0.20748730259888
    0.47277791884999
    0.40046732276814
    0.89106030670769
    0.96967543303801
    1.01347784866992
    0.78053211885365
    0.82652429779840
    0.45462209774087
    0.33276026286143
   -0.06844227705761
   -0.55236697842886
   -0.63684331882368
   -0.84513561866291
   -0.99568381617750
   -1.09646800076485
   -1.03879717041552
   -0.80932383243137
   -0.54224811236062
   -0.21853078071155
   -0.04655482304608
    0.48144081406421
    0.60188491519394
    0.65729040662474
    1.04606563509126
    0.94631722164506
    0.94380603883722
    0.65741026196381
    0.59731455485402
    0.45700333332620
   -0.11473795119020
   -0.18394007861746
   -0.57270093204165
   -0.77011461499537
   -0.99019092380385
   -0.99775180613130
   -0.89656893072122
   -0.76528722350380
   -0.47039188153084
   -0.27399839706309
   -0.05054126889446
    0.20217768491079
    0.54817898194504
    0.63785856068547
    0.82722027157967
    1.10151950696813
    1.17853461594747
    0.83390889185690
    0.60056434193669
    0.28170608570734
   -0.08220736118399
   -0.20420459537718
   -0.53513185391466
   -0.78867926733075
   -0.94611378970713
   -0.93960171940938
   -0.87578976235325
   -0.85905334354517
   -0.64242492948729
   -0.29741271814454
